[views/gallery]
version = 6.6.3
modtime = 1512758397.483638000

[app/install/install_source_checksum]
version = 7.1.2
modtime = 1534262638.397806000

[app/install/is_configured]
version = 7.1.2
modtime = 1534262639.618668000
